Timestamp,User Count,Type,Name,Requests/s,Failures/s,50%,66%,75%,80%,90%,95%,98%,99%,99.9%,99.99%,100%,Total Request Count,Total Failure Count,Total Median Response Time,Total Average Response Time,Total Min Response Time,Total Max Response Time,Total Average Content Size
1760893729,0,,Aggregated,0.000000,0.000000,N/A,N/A,N/A,N/A,N/A,N/A,N/A,N/A,N/A,N/A,N/A,0,0,0,0.0,0,0,0
1760893730,5,,Aggregated,0.000000,0.000000,43,44,44,44,44,44,44,44,44,44,44,5,0,43,40.33013880252838,33.06252002948895,44.17811305029318,16225.8
1760893731,10,,Aggregated,0.000000,0.000000,43,43,44,44,44,47,47,47,47,47,47,12,0,40,39.48228308096683,27.92144799605012,46.89666803460568,17123.25
1760893732,15,,Aggregated,0.000000,0.000000,40,43,44,44,44,47,47,47,47,47,47,20,0,40,38.278188346885145,25.720703008119017,46.89666803460568,17161.2
1760893733,20,,Aggregated,5.500000,0.000000,40,43,44,44,47,50,51,51,51,51,51,34,0,39,37.60189511676264,25.461960991378874,51.338804012630135,17534.147058823528
1760893734,25,,Aggregated,6.666667,0.000000,37,40,42,43,45,49,50,51,51,51,51,51,0,37,35.08673537084285,23.213153006508946,51.338804012630135,17203.49019607843
1760893735,30,,Aggregated,7.000000,0.000000,36,40,42,44,47,49,50,51,51,51,51,67,0,36,35.275680088584046,23.213153006508946,51.338804012630135,16894.507462686568
1760893736,35,,Aggregated,7.800000,0.000000,33,39,40,43,47,49,51,52,52,52,52,87,0,33,34.712782816763365,23.213153006508946,52.14470002101734,17701.333333333332
1760893737,40,,Aggregated,9.666667,0.000000,33,38,40,42,46,49,51,52,56,56,56,108,0,33,34.43845380550354,23.213153006508946,56.4619560027495,17999.86111111111
1760893738,45,,Aggregated,10.714286,0.000000,32,38,40,42,46,49,52,56,70,70,70,137,0,32,34.473829555162055,23.213153006508946,69.9994129827246,17966.92700729927
1760893739,50,,Aggregated,12.000000,0.000000,31,38,40,41,45,49,51,56,70,70,70,162,0,31,33.782894451122296,23.213153006508946,69.9994129827246,17518.19135802469
1760893740,55,,Aggregated,12.888889,0.000000,31,38,39,40,45,49,52,60,70,70,70,188,0,31,33.59047274360374,23.213153006508946,69.9994129827246,17688.02659574468
1760893741,60,,Aggregated,14.700000,0.000000,31,37,39,41,45,49,56,58,70,70,70,223,0,31,33.585473268883796,22.911139007192105,69.9994129827246,17716.2735426009
1760893742,65,,Aggregated,16.600000,0.000000,30,35,39,40,45,50,56,58,70,70,70,264,0,30,33.23416828414228,22.76124304626137,69.9994129827246,17793.390151515152
1760893743,70,,Aggregated,19.000000,0.000000,30,34,39,40,45,50,57,60,70,70,70,296,0,30,33.142340797427536,22.76124304626137,69.9994129827246,17703.347972972973
1760893744,75,,Aggregated,21.200000,0.000000,30,34,38,40,44,50,57,60,70,70,70,340,0,30,32.934703122694316,22.76124304626137,69.9994129827246,17936.90294117647
1760893745,80,,Aggregated,24.800000,0.000000,30,33,38,39,44,50,57,61,71,71,71,371,0,30,32.820302473426345,22.76124304626137,71.15233404329047,17872.58760107817
1760893746,85,,Aggregated,26.800000,0.000000,30,33,38,39,44,51,59,61,88,88,88,421,0,30,33.07245547134947,22.76124304626137,88.01493101054803,17775.80997624703
1760893747,90,,Aggregated,29.400000,0.000000,30,33,38,39,44,50,58,61,88,88,88,471,0,30,32.98847988406552,22.76124304626137,88.01493101054803,17779.900212314224
1760893748,95,,Aggregated,30.600000,0.000000,30,33,38,39,44,51,57,61,88,88,88,517,0,30,32.93073040172476,22.76124304626137,88.01493101054803,17722.323017408125
1760893749,100,,Aggregated,33.800000,0.000000,30,34,38,39,45,51,59,68,88,88,88,567,0,30,33.234786004898986,22.76124304626137,88.01493101054803,17727.78835978836
1760893750,100,,Aggregated,36.700000,0.000000,30,33,37,39,45,51,59,65,88,88,88,611,0,30,33.01336489621254,22.76124304626137,88.01493101054803,17739.08346972177
1760893751,100,,Aggregated,38.500000,0.000000,30,33,37,39,45,51,59,65,88,88,88,669,0,30,33.140656409015314,22.76124304626137,88.01493101054803,17674.795216741404
1760893752,100,,Aggregated,40.800000,0.000000,30,33,37,39,45,51,59,61,88,88,88,717,0,30,33.01959686561564,22.76124304626137,88.01493101054803,17763.640167364018
1760893753,100,,Aggregated,42.500000,0.000000,30,33,36,38,44,51,58,61,88,88,88,764,0,30,32.782201024600674,22.433337988331914,88.01493101054803,17745.40052356021
1760893754,100,,Aggregated,44.600000,0.000000,30,33,36,38,44,51,58,61,88,88,88,821,0,30,32.661677020132295,22.433337988331914,88.01493101054803,17649.897685749085
1760893755,100,,Aggregated,45.100000,0.000000,30,33,36,38,44,51,57,61,88,88,88,866,0,30,32.51221009327677,22.433337988331914,88.01493101054803,17595.700923787528
1760893756,100,,Aggregated,46.600000,0.000000,30,33,35,37,43,50,57,61,88,88,88,912,0,30,32.37020333708323,22.433337988331914,88.01493101054803,17634.098684210527
1760893757,100,,Aggregated,47.700000,0.000000,30,33,35,37,43,50,57,61,88,88,88,969,0,30,32.45316421306981,22.433337988331914,88.01493101054803,17620.978328173376
1760893758,100,,Aggregated,49.400000,0.000000,30,33,35,37,43,50,57,61,72,88,88,1023,0,30,32.37664975309681,22.433337988331914,88.01493101054803,17623.657869012706
1760893759,100,,Aggregated,48.500000,0.000000,30,33,35,37,43,50,57,61,72,88,88,1072,0,30,32.2907722305112,22.433337988331914,88.01493101054803,17641.555037313432
1760893760,100,,Aggregated,49.500000,0.000000,30,32,35,37,43,49,57,61,72,88,88,1116,0,30,32.16156376526594,22.433337988331914,88.01493101054803,17595.12365591398
1760893761,100,,Aggregated,50.000000,0.000000,30,32,34,36,42,49,57,61,72,88,88,1168,0,30,32.06282053889319,22.433337988331914,88.01493101054803,17588.005993150684
1760893762,100,,Aggregated,50.100000,0.000000,30,32,34,36,42,49,56,60,72,88,88,1218,0,30,32.03513442414617,22.278701013419777,88.01493101054803,17608.29802955665
1760893763,100,,Aggregated,50.000000,0.000000,30,32,35,36,43,49,57,60,72,88,88,1268,0,30,32.11322275070438,22.278701013419777,88.01493101054803,17596.579652996847
1760893764,100,,Aggregated,49.500000,0.000000,30,32,35,36,43,49,57,60,72,88,88,1325,0,30,32.120655849663855,22.278701013419777,88.01493101054803,17610.53886792453
1760893765,100,,Aggregated,49.900000,0.000000,30,32,34,36,42,49,57,60,72,88,88,1371,0,30,32.02602783568546,22.278701013419777,88.01493101054803,17571.924142961343
1760893766,100,,Aggregated,50.000000,0.000000,30,32,34,36,42,49,56,60,72,88,88,1414,0,30,31.95287389148065,22.278701013419777,88.01493101054803,17551.53323903819
1760893767,100,,Aggregated,50.200000,0.000000,30,32,34,36,42,48,56,60,72,88,88,1469,0,30,31.911014538146414,22.278701013419777,88.01493101054803,17548.842750170184
1760893768,100,,Aggregated,50.200000,0.000000,30,32,34,36,42,48,56,60,72,88,88,1518,0,30,31.918973058984555,22.278701013419777,88.01493101054803,17492.333333333332
1760893769,100,,Aggregated,49.900000,0.000000,30,32,34,36,42,48,56,60,72,88,88,1565,0,30,31.88154079074326,22.278701013419777,88.01493101054803,17508.252396166135
1760893770,100,,Aggregated,49.800000,0.000000,30,32,34,36,42,48,56,60,72,88,88,1623,0,30,31.913679261469223,22.278701013419777,88.01493101054803,17525.131854590265
1760893771,100,,Aggregated,49.300000,0.000000,30,32,34,36,42,48,56,60,72,88,88,1664,0,30,31.949489857162497,22.278701013419777,88.01493101054803,17515.73737980769
1760893772,100,,Aggregated,49.700000,0.000000,30,32,35,36,42,49,57,60,72,88,88,1723,0,30,32.047620816141404,22.278701013419777,88.01493101054803,17537.717353453278
1760893773,100,,Aggregated,49.900000,0.000000,30,32,34,36,42,49,57,60,72,88,88,1763,0,30,32.0248218356992,22.278701013419777,88.01493101054803,17540.825865002837
1760893774,100,,Aggregated,49.800000,0.000000,30,32,34,36,42,48,56,60,72,88,88,1815,0,30,31.97766447019027,22.278701013419777,88.01493101054803,17557.613774104684
1760893775,100,,Aggregated,50.100000,0.000000,30,32,34,36,42,48,56,60,72,88,88,1860,0,30,31.96630427824779,22.278701013419777,88.01493101054803,17562.186021505375
1760893776,100,,Aggregated,49.500000,0.000000,30,32,34,36,42,48,56,60,72,88,88,1913,0,30,31.956828178545063,22.278701013419777,88.01493101054803,17577.100365917406
1760893777,100,,Aggregated,48.900000,0.000000,30,32,34,36,42,48,56,60,72,88,88,1965,0,30,31.891736525979425,22.278701013419777,88.01493101054803,17541.370992366414
1760893778,100,,Aggregated,49.300000,0.000000,30,32,34,36,42,48,56,59,71,88,88,2009,0,30,31.851333813993755,22.278701013419777,88.01493101054803,17550.618715778994
1760893779,100,,Aggregated,50.400000,0.000000,30,32,34,36,42,48,56,60,72,88,88,2053,0,30,31.878945984043174,22.278701013419777,88.01493101054803,17542.406721870433
1760893780,100,,Aggregated,49.300000,0.000000,30,32,34,36,42,48,56,59,72,88,88,2113,0,30,31.92520885527424,22.278701013419777,88.01493101054803,17553.57075248462
1760893781,100,,Aggregated,49.300000,0.000000,30,32,34,36,42,48,56,59,72,88,88,2155,0,30,31.853521164893465,22.278701013419777,88.01493101054803,17542.59535962877
1760893782,100,,Aggregated,48.600000,0.000000,30,32,34,36,42,48,55,59,72,88,88,2205,0,30,31.792065463648672,22.278701013419777,88.01493101054803,17513.25759637188
1760893783,100,,Aggregated,49.500000,0.000000,30,32,34,36,42,48,56,59,72,88,88,2263,0,30,31.78896772357505,22.278701013419777,88.01493101054803,17532.54794520548
1760893784,100,,Aggregated,49.200000,0.000000,30,32,34,36,41,48,55,59,72,88,88,2306,0,30,31.73372694125588,22.278701013419777,88.01493101054803,17513.58239375542
1760893785,100,,Aggregated,49.000000,0.000000,30,32,34,36,41,47,55,59,72,88,88,2353,0,30,31.70835468099764,22.278701013419777,88.01493101054803,17501.85210369741
1760893786,100,,Aggregated,49.900000,0.000000,30,32,34,36,41,47,55,59,72,88,88,2399,0,30,31.693573862550256,22.278701013419777,88.01493101054803,17506.646936223427
1760893787,100,,Aggregated,49.400000,0.000000,30,32,34,36,41,47,55,59,72,88,88,2454,0,30,31.679462694419517,22.278701013419777,88.01493101054803,17514.82640586797
1760893788,100,,Aggregated,49.100000,0.000000,29,32,34,36,41,47,55,59,74,93,93,2503,0,29,31.68221262206974,22.278701013419777,93.10060099232942,17525.527367159408
1760893789,100,,Aggregated,48.400000,0.000000,29,32,34,35,41,47,55,59,74,93,93,2549,0,29,31.64478815377172,22.278701013419777,93.10060099232942,17533.901530011768
1760893790,100,,Aggregated,49.400000,0.000000,29,32,34,35,41,47,55,59,74,93,93,2600,0,29,31.64248767709628,22.278701013419777,93.10060099232942,17542.388846153844
1760893791,100,,Aggregated,49.000000,0.000000,29,32,34,35,41,47,55,59,74,93,93,2649,0,29,31.642248590161977,22.278701013419777,93.10060099232942,17539.52434881087
1760893792,100,,Aggregated,49.600000,0.000000,29,32,34,35,41,47,55,59,74,93,93,2698,0,29,31.638325896308107,22.278701013419777,93.10060099232942,17523.399184581172
1760893793,100,,Aggregated,48.500000,0.000000,29,32,34,35,41,47,55,59,74,93,93,2751,0,29,31.634635472985376,22.278701013419777,93.10060099232942,17512.477644492912
1760893794,100,,Aggregated,49.200000,0.000000,29,32,34,35,41,47,55,59,74,93,93,2798,0,29,31.61248428525045,22.278701013419777,93.10060099232942,17515.181915654037
1760893795,100,,Aggregated,49.100000,0.000000,29,32,34,35,41,47,55,59,74,93,93,2850,0,29,31.60302141869212,22.278701013419777,93.10060099232942,17547.301403508773
1760893796,100,,Aggregated,48.900000,0.000000,29,32,34,35,41,47,55,59,74,93,93,2897,0,29,31.57974459620451,22.278701013419777,93.10060099232942,17560.377977217813
1760893797,100,,Aggregated,49.300000,0.000000,29,32,34,35,41,47,55,59,74,93,93,2946,0,29,31.553871851659917,22.278701013419777,93.10060099232942,17555.203326544466
1760893798,100,,Aggregated,49.600000,0.000000,29,32,34,35,41,47,55,59,74,93,93,2992,0,29,31.56662361092419,22.278701013419777,93.10060099232942,17561.05347593583
1760893799,100,,Aggregated,50.100000,0.000000,29,32,34,35,41,47,55,59,72,93,93,3048,0,29,31.557049530121652,22.278701013419777,93.10060099232942,17569.609580052493
1760893800,100,,Aggregated,48.800000,0.000000,29,32,34,35,41,47,55,59,72,93,93,3098,0,29,31.505894183519125,22.278701013419777,93.10060099232942,17576.69270497095
1760893801,100,,Aggregated,49.300000,0.000000,29,32,34,35,40,46,55,59,72,93,93,3144,0,29,31.47837527058651,22.278701013419777,93.10060099232942,17578.70356234097
1760893802,100,,Aggregated,49.600000,0.000000,29,32,34,35,40,46,54,59,72,93,93,3195,0,29,31.43681438954209,22.278701013419777,93.10060099232942,17578.066979655712
1760893803,100,,Aggregated,49.700000,0.000000,29,32,34,35,40,46,54,59,72,93,93,3247,0,29,31.391233275816578,22.278701013419777,93.10060099232942,17591.965198644903
1760893804,100,,Aggregated,49.600000,0.000000,29,32,34,35,40,46,55,59,72,93,93,3289,0,29,31.390130431006906,22.278701013419777,93.10060099232942,17590.607783520827
1760893805,100,,Aggregated,49.500000,0.000000,29,32,33,35,40,46,54,59,72,93,93,3335,0,29,31.35113897653104,22.22626598086208,93.10060099232942,17614.53223388306
1760893806,100,,Aggregated,49.400000,0.000000,29,32,34,35,40,46,54,59,72,93,93,3397,0,29,31.370565300702626,22.22626598086208,93.10060099232942,17621.42302031204
1760893807,100,,Aggregated,48.600000,0.000000,29,32,34,35,40,46,54,59,72,93,93,3438,0,29,31.3831923681103,22.22626598086208,93.10060099232942,17630.335660267596
1760893808,100,,Aggregated,48.500000,0.000000,29,32,34,35,40,46,54,59,72,93,93,3487,0,29,31.391488760980184,22.22626598086208,93.10060099232942,17629.54430742759
1760893809,100,,Aggregated,49.300000,0.000000,29,32,34,35,40,46,54,59,72,93,93,3535,0,29,31.374888622865235,22.132924990728498,93.10060099232942,17615.156718528997
1760893810,100,,Aggregated,49.000000,0.000000,29,32,33,35,40,46,54,59,72,93,93,3584,0,29,31.36195258304854,22.132924990728498,93.10060099232942,17607.54715401786
1760893811,100,,Aggregated,49.100000,0.000000,29,32,33,35,40,46,54,59,72,93,93,3632,0,29,31.354971175348194,22.132924990728498,93.10060099232942,17606.491740088106
1760893812,100,,Aggregated,48.300000,0.000000,29,32,33,35,40,46,54,59,72,93,93,3683,0,29,31.349039012277935,22.132924990728498,93.10060099232942,17616.853923431983
1760893813,100,,Aggregated,48.700000,0.000000,29,32,33,35,40,46,54,59,72,93,93,3740,0,29,31.3652513187035,22.132924990728498,93.10060099232942,17619.728342245988
1760893814,100,,Aggregated,48.700000,0.000000,29,32,33,35,40,46,54,59,72,93,93,3780,0,29,31.36378514708855,22.132924990728498,93.10060099232942,17616.738095238095
1760893815,100,,Aggregated,48.600000,0.000000,29,32,33,35,40,46,54,59,72,93,93,3831,0,29,31.39000742708867,22.132924990728498,93.10060099232942,17623.15322370138
1760893816,100,,Aggregated,49.100000,0.000000,29,32,33,35,40,46,54,59,72,93,93,3877,0,29,31.36148862453643,22.132924990728498,93.10060099232942,17601.769151405726
1760893817,100,,Aggregated,49.500000,0.000000,29,32,33,35,40,46,54,59,72,93,93,3927,0,29,31.365950956701358,22.132924990728498,93.10060099232942,17595.795008912657
1760893818,100,,Aggregated,49.500000,0.000000,29,32,33,35,40,46,54,59,72,93,93,3980,0,29,31.3417280843685,22.132924990728498,93.10060099232942,17620.048994974873
1760893819,100,,Aggregated,48.000000,0.000000,29,32,33,35,40,46,54,59,72,93,93,4025,0,29,31.344072323434215,22.132924990728498,93.10060099232942,17623.669813664597
1760893820,100,,Aggregated,48.800000,0.000000,29,32,33,35,40,46,54,59,72,93,93,4076,0,29,31.337252797041263,22.132924990728498,93.10060099232942,17624.810107948968
1760893821,100,,Aggregated,49.100000,0.000000,29,32,33,35,40,46,54,59,72,93,93,4125,0,29,31.323314244477924,22.132924990728498,93.10060099232942,17608.982787878787
1760893822,100,,Aggregated,49.100000,0.000000,29,32,33,35,40,46,54,59,74,93,93,4173,0,29,31.370669054789744,22.132924990728498,93.10060099232942,17595.653486700216
1760893823,100,,Aggregated,49.400000,0.000000,29,32,33,35,40,46,55,59,74,93,93,4222,0,29,31.377454004241642,22.132924990728498,93.10060099232942,17609.47205116059
1760893824,100,,Aggregated,49.100000,0.000000,29,32,33,35,40,46,54,59,74,93,93,4274,0,29,31.357841729456133,21.99571003438905,93.10060099232942,17616.124239588207
1760893825,100,,Aggregated,48.500000,0.000000,29,32,33,35,40,46,55,59,74,93,93,4325,0,29,31.354149065136564,21.99571003438905,93.10060099232942,17606.70196531792
1760893826,100,,Aggregated,48.900000,0.000000,29,32,33,35,40,46,55,59,74,93,93,4369,0,29,31.362098453188167,21.99571003438905,93.10060099232942,17613.141222247654
1760893827,100,,Aggregated,49.300000,0.000000,29,32,33,35,40,46,55,59,74,93,93,4421,0,29,31.346687915363344,21.99571003438905,93.10060099232942,17603.344266003165
1760893828,100,,Aggregated,48.900000,0.000000,29,32,33,35,40,46,54,59,74,93,93,4461,0,29,31.36328393985918,21.99571003438905,93.10060099232942,17604.164985429277
1760893829,100,,Aggregated,49.400000,0.000000,29,32,33,35,40,46,54,59,74,93,93,4515,0,29,31.350943659767943,21.99571003438905,93.10060099232942,17599.341749723146
1760893830,100,,Aggregated,49.400000,0.000000,29,32,33,35,40,46,54,59,74,93,93,4565,0,29,31.333188785952572,21.99571003438905,93.10060099232942,17581.140197152246
1760893831,100,,Aggregated,48.300000,0.000000,29,32,33,35,40,47,54,59,74,93,93,4609,0,29,31.352121939050225,21.99571003438905,93.10060099232942,17580.471902798872
1760893832,100,,Aggregated,49.400000,0.000000,29,32,33,35,40,47,54,59,74,93,93,4664,0,29,31.353617509436436,21.99571003438905,93.10060099232942,17574.51650943396
1760893833,100,,Aggregated,48.400000,0.000000,29,32,33,35,40,47,54,59,74,93,93,4705,0,29,31.34083575541876,21.99571003438905,93.10060099232942,17583.79808714134
1760893834,100,,Aggregated,48.300000,0.000000,29,32,33,35,40,47,54,59,74,93,93,4760,0,29,31.334495445419428,21.99571003438905,93.10060099232942,17581.635924369748
1760893835,100,,Aggregated,49.500000,0.000000,29,32,33,35,40,46,54,59,74,93,93,4811,0,29,31.317219412257433,21.99571003438905,93.10060099232942,17586.15817917273
1760893836,100,,Aggregated,47.900000,0.000000,29,32,33,35,40,46,54,59,74,93,93,4854,0,29,31.310036402066853,21.99571003438905,93.10060099232942,17579.22805933251
1760893837,100,,Aggregated,48.300000,0.000000,29,32,33,35,40,46,54,59,74,93,93,4903,0,29,31.29967632058367,21.99571003438905,93.10060099232942,17578.44952070161
1760893838,100,,Aggregated,48.900000,0.000000,29,32,33,35,40,46,54,59,74,93,93,4954,0,29,31.281334155987004,21.99571003438905,93.10060099232942,17584.59426725878
1760893839,100,,Aggregated,49.000000,0.000000,29,32,33,35,40,47,55,59,72,93,93,5006,0,29,31.34176519248849,21.99571003438905,93.10060099232942,17585.962844586495
1760893840,100,,Aggregated,48.500000,0.000000,29,32,33,35,40,47,55,59,72,93,93,5059,0,29,31.32287601341666,21.99571003438905,93.10060099232942,17581.74263688476
1760893841,100,,Aggregated,48.900000,0.000000,29,32,33,35,40,47,55,59,72,93,93,5115,0,29,31.344361166184804,21.99571003438905,93.10060099232942,17578.412903225806
1760893842,100,,Aggregated,48.700000,0.000000,29,32,33,35,40,47,55,59,72,93,93,5160,0,29,31.34102853258274,21.99571003438905,93.10060099232942,17585.23604651163
1760893843,100,,Aggregated,49.900000,0.000000,29,32,33,35,40,47,55,59,72,93,93,5207,0,29,31.320128820608765,21.99571003438905,93.10060099232942,17587.60668331093
1760893844,100,,Aggregated,50.600000,0.000000,29,32,33,35,40,47,55,59,72,93,93,5263,0,29,31.31760592108455,21.99571003438905,93.10060099232942,17610.806954208627
1760893845,100,,Aggregated,49.400000,0.000000,29,32,33,35,40,47,55,59,72,93,93,5308,0,29,31.321283256959752,21.99571003438905,93.10060099232942,17604.59155990957
1760893846,100,,Aggregated,50.300000,0.000000,29,32,33,35,40,47,55,59,72,93,93,5359,0,29,31.307968560341305,21.99571003438905,93.10060099232942,17610.069229333832
1760893847,100,,Aggregated,50.200000,0.000000,29,32,33,35,40,47,55,59,74,93,93,5412,0,29,31.357094732768655,21.99571003438905,93.10060099232942,17612.866038433112
1760893848,100,,Aggregated,49.400000,0.000000,29,32,33,35,40,47,55,59,74,93,93,5464,0,29,31.367740503258016,21.99571003438905,93.10060099232942,17611.62298682284
1760893849,100,,Aggregated,50.000000,0.000000,29,32,33,35,40,47,55,59,74,93,93,5512,0,29,31.35376172950628,21.99571003438905,93.10060099232942,17614.691400580552
1760893850,100,,Aggregated,50.700000,0.000000,29,32,33,35,40,47,55,59,74,93,93,5554,0,29,31.336159014059543,21.99571003438905,93.10060099232942,17616.39647101188
1760893851,100,,Aggregated,51.300000,0.000000,29,32,33,35,40,47,54,59,74,93,93,5613,0,29,31.328191902590845,21.99571003438905,93.10060099232942,17605.3819704258
1760893852,100,,Aggregated,50.500000,0.000000,29,32,33,35,40,47,54,59,74,93,93,5654,0,29,31.310328596216312,21.99571003438905,93.10060099232942,17623.096038203043
1760893853,100,,Aggregated,49.600000,0.000000,29,32,33,35,40,47,54,59,74,93,93,5707,0,29,31.30529156315449,21.99571003438905,93.10060099232942,17612.20781496408
1760893854,100,,Aggregated,49.700000,0.000000,29,32,33,35,40,47,54,59,74,93,93,5749,0,29,31.28566342943563,21.99571003438905,93.10060099232942,17613.439554705164
1760893855,100,,Aggregated,49.700000,0.000000,29,32,33,35,40,47,54,59,74,93,93,5805,0,29,31.287584546562382,21.99571003438905,93.10060099232942,17612.23169681309
1760893856,100,,Aggregated,49.800000,0.000000,29,32,33,35,40,47,54,59,74,93,93,5851,0,29,31.283705855019463,21.99571003438905,93.10060099232942,17610.588104597504
1760893857,100,,Aggregated,48.700000,0.000000,29,32,33,35,40,47,55,59,74,93,93,5894,0,29,31.272061880231,21.99571003438905,93.10060099232942,17617.823549372242
1760893858,100,,Aggregated,50.200000,0.000000,29,32,33,35,40,47,55,59,74,93,93,5950,0,29,31.259009001704182,21.99571003438905,93.10060099232942,17616.709915966385
1760893859,100,,Aggregated,48.900000,0.000000,29,32,33,35,40,47,55,59,74,93,93,5994,0,29,31.27027625432802,21.99571003438905,93.10060099232942,17614.26009342676
1760893860,100,,Aggregated,48.500000,0.000000,29,32,33,35,40,46,54,59,72,93,93,6044,0,29,31.24922662311393,21.99571003438905,93.10060099232942,17605.943084050297
1760893861,100,,Aggregated,48.400000,0.000000,29,32,33,35,40,46,54,59,72,93,93,6090,0,29,31.24729349461999,21.99571003438905,93.10060099232942,17594.22988505747
1760893862,100,,Aggregated,48.400000,0.000000,29,32,33,34,40,46,54,59,72,93,93,6132,0,29,31.236887600986574,21.99571003438905,93.10060099232942,17590.79810828441
1760893863,100,,Aggregated,48.600000,0.000000,29,32,33,35,40,46,54,59,72,93,93,6193,0,29,31.242387044287803,21.99571003438905,93.10060099232942,17595.665428709835
1760893864,100,,Aggregated,48.000000,0.000000,29,32,33,34,40,46,54,59,72,93,93,6239,0,29,31.22589861052202,21.99571003438905,93.10060099232942,17589.682481166852
1760893865,100,,Aggregated,47.500000,0.000000,29,32,33,34,40,46,54,59,72,93,93,6278,0,29,31.22277053699963,21.99571003438905,93.10060099232942,17582.967505575023
1760893866,100,,Aggregated,48.700000,0.000000,29,32,33,34,40,46,54,59,72,93,93,6334,0,29,31.224955963903792,21.99571003438905,93.10060099232942,17581.29965266814
1760893867,100,,Aggregated,48.700000,0.000000,29,32,33,34,40,46,54,59,72,93,93,6378,0,29,31.22462118100531,21.99571003438905,93.10060099232942,17578.478363123235
1760893868,100,,Aggregated,46.900000,0.000000,29,32,33,35,40,46,54,59,72,93,93,6431,0,29,31.246101410334397,21.99571003438905,93.10060099232942,17586.03623075727
1760893869,100,,Aggregated,48.100000,0.000000,29,32,33,34,40,46,54,59,72,93,93,6471,0,29,31.236308274733148,21.99571003438905,93.10060099232942,17578.111883789214
1760893870,100,,Aggregated,47.800000,0.000000,29,32,33,35,40,46,54,59,72,93,93,6521,0,29,31.234423196117977,21.99571003438905,93.10060099232942,17576.740070541327
1760893871,100,,Aggregated,48.100000,0.000000,29,32,33,34,40,46,54,59,72,93,93,6571,0,29,31.21595902217765,21.99571003438905,93.10060099232942,17574.11855120986
1760893872,100,,Aggregated,47.500000,0.000000,29,32,33,34,40,46,54,59,72,93,93,6621,0,29,31.216645765684746,21.99571003438905,93.10060099232942,17579.799577103156
1760893873,100,,Aggregated,47.500000,0.000000,29,32,33,34,40,46,54,59,72,93,93,6667,0,29,31.212291660213218,21.99571003438905,93.10060099232942,17569.724463776813
1760893874,100,,Aggregated,47.700000,0.000000,29,32,33,35,40,46,54,59,74,93,93,6717,0,29,31.244968883967402,21.99571003438905,93.10060099232942,17573.75137710287
1760893875,100,,Aggregated,49.100000,0.000000,29,32,33,34,40,46,54,59,74,93,93,6769,0,29,31.233670788649665,21.99571003438905,93.10060099232942,17570.698626089525
1760893876,100,,Aggregated,47.500000,0.000000,29,32,33,34,40,46,54,59,74,93,93,6818,0,29,31.22839409612181,21.99571003438905,93.10060099232942,17565.90026400704
1760893877,100,,Aggregated,47.900000,0.000000,29,32,33,34,40,46,54,59,74,93,93,6872,0,29,31.229607899107062,21.99571003438905,93.10060099232942,17569.64420838184
1760893878,100,,Aggregated,49.100000,0.000000,29,32,33,35,40,46,54,59,74,93,93,6913,0,29,31.237545783982654,21.99571003438905,93.10060099232942,17565.472298567915
1760893879,100,,Aggregated,48.600000,0.000000,29,32,33,34,40,46,54,59,74,93,93,6974,0,29,31.235097192824707,21.99571003438905,93.10060099232942,17568.043877258388
1760893880,100,,Aggregated,49.400000,0.000000,29,32,33,34,40,46,54,59,72,93,93,7013,0,29,31.223404381965544,21.99571003438905,93.10060099232942,17559.658776557822
1760893881,100,,Aggregated,48.300000,0.000000,29,32,33,34,40,46,54,59,72,93,93,7067,0,29,31.22317842363849,21.99571003438905,93.10060099232942,17556.277628413754
1760893882,100,,Aggregated,50.200000,0.000000,29,32,33,34,40,46,54,58,72,93,93,7119,0,29,31.207960531128155,21.99571003438905,93.10060099232942,17550.35327995505
1760893883,100,,Aggregated,49.300000,0.000000,29,32,33,34,40,46,54,59,73,93,93,7165,0,29,31.22871973607377,21.99571003438905,93.10060099232942,17550.600697836708
1760893884,100,,Aggregated,49.700000,0.000000,29,32,33,34,40,46,54,59,73,93,93,7215,0,29,31.23245245642503,21.99571003438905,93.10060099232942,17546.142480942483
1760893885,100,,Aggregated,49.300000,0.000000,29,32,33,34,40,46,54,59,73,93,93,7261,0,29,31.228857459691866,21.99571003438905,93.10060099232942,17544.71987329569
1760893886,100,,Aggregated,49.500000,0.000000,29,32,33,34,40,46,54,59,73,93,93,7312,0,29,31.224337947050568,21.99571003438905,93.10060099232942,17544.431756017504
1760893887,100,,Aggregated,49.900000,0.000000,29,32,33,34,40,46,54,59,73,93,93,7368,0,29,31.235934583848543,21.99571003438905,93.10060099232942,17551.799131378935
1760893888,100,,Aggregated,49.100000,0.000000,29,32,33,34,40,46,54,59,73,93,93,7411,0,29,31.237467457405554,21.99571003438905,93.10060099232942,17547.6166509243
1760893889,100,,Aggregated,49.500000,0.000000,29,32,33,34,40,46,54,59,73,93,93,7466,0,29,31.23278919046655,21.99571003438905,93.10060099232942,17546.04995981784
1760893890,100,,Aggregated,49.600000,0.000000,29,32,33,34,40,46,54,58,73,93,93,7516,0,29,31.223548673808725,21.99571003438905,93.10060099232942,17547.401144225652
1760893891,100,,Aggregated,49.600000,0.000000,29,32,33,34,40,47,55,59,74,93,93,7569,0,29,31.25655919654479,21.99571003438905,93.10060099232942,17550.04373100806
1760893892,100,,Aggregated,49.200000,0.000000,29,32,33,34,40,47,55,59,74,93,93,7619,0,29,31.262050856636467,21.99571003438905,93.10060099232942,17549.419871374197
1760893893,100,,Aggregated,50.300000,0.000000,29,32,33,34,40,47,55,59,74,93,93,7663,0,29,31.25820370059616,21.99571003438905,93.10060099232942,17547.76471355866
1760893894,100,,Aggregated,50.200000,0.000000,29,32,33,34,40,47,55,59,74,93,93,7713,0,29,31.263125375036136,21.99571003438905,93.10060099232942,17550.63166083236
1760893895,100,,Aggregated,50.400000,0.000000,29,32,33,34,40,47,55,59,74,93,93,7761,0,29,31.26993685631489,21.99571003438905,93.10060099232942,17558.248163896405
1760893896,100,,Aggregated,49.900000,0.000000,29,32,33,34,40,47,55,59,74,93,93,7804,0,29,31.259044833428923,21.99571003438905,93.10060099232942,17560.94566888775
1760893897,100,,Aggregated,49.800000,0.000000,29,32,33,34,40,47,55,59,74,93,93,7861,0,29,31.263751538002772,21.99571003438905,93.10060099232942,17559.026968579063
1760893898,100,,Aggregated,50.000000,0.000000,29,32,33,34,40,47,55,58,74,93,93,7905,0,29,31.25726243819462,21.99571003438905,93.10060099232942,17560.62909550917
1760893899,100,,Aggregated,49.100000,0.000000,29,32,33,34,40,47,55,58,74,93,93,7956,0,29,31.253962154339405,21.99571003438905,93.10060099232942,17556.855329311213
1760893900,100,,Aggregated,49.300000,0.000000,29,32,33,34,40,47,55,59,74,93,93,8002,0,29,31.260627237307975,21.99571003438905,93.10060099232942,17558.52124468883
1760893901,100,,Aggregated,49.400000,0.000000,29,32,33,34,40,47,55,59,74,93,93,8054,0,29,31.260281919937317,21.99571003438905,93.10060099232942,17573.88030792153
1760893902,100,,Aggregated,48.800000,0.000000,29,32,33,34,40,47,55,59,74,93,93,8106,0,29,31.270176838678896,21.99571003438905,93.10060099232942,17569.55563779916
1760893903,100,,Aggregated,48.400000,0.000000,29,32,33,34,40,47,55,59,74,93,93,8157,0,29,31.27271973010928,21.99571003438905,93.10060099232942,17573.103469412774
1760893904,100,,Aggregated,48.300000,0.000000,29,32,33,34,40,47,55,58,74,93,93,8206,0,29,31.2685597847176,21.99571003438905,93.10060099232942,17573.102485985863
1760893905,100,,Aggregated,48.300000,0.000000,29,32,33,34,40,47,55,59,74,93,93,8257,0,29,31.26754810339457,21.99571003438905,93.10060099232942,17577.177546324332
1760893906,100,,Aggregated,49.100000,0.000000,29,32,33,34,40,47,55,58,74,93,93,8305,0,29,31.25121189160233,21.99571003438905,93.10060099232942,17581.740638169777
1760893907,100,,Aggregated,49.200000,0.000000,29,32,33,34,40,47,55,59,74,93,93,8355,0,29,31.251864151936918,21.99571003438905,93.10060099232942,17575.678755236386
1760893908,100,,Aggregated,49.600000,0.000000,29,32,33,34,40,47,55,59,74,93,93,8403,0,29,31.255736797145293,21.99571003438905,93.10060099232942,17582.465667023684
1760893909,100,,Aggregated,49.900000,0.000000,29,32,33,34,40,47,55,59,74,93,93,8455,0,29,31.249481448202847,21.99571003438905,93.10060099232942,17580.782613837964
1760893910,100,,Aggregated,49.500000,0.000000,29,32,33,34,40,47,55,59,74,93,93,8503,0,29,31.248826467297963,21.99571003438905,93.10060099232942,17580.25649770669
1760893911,100,,Aggregated,49.700000,0.000000,29,32,33,34,40,47,55,59,74,93,93,8549,0,29,31.24767770201164,21.99571003438905,93.10060099232942,17583.3848403322
1760893912,100,,Aggregated,49.900000,0.000000,29,31,33,34,40,47,55,59,74,93,93,8599,0,29,31.24057486175726,21.99571003438905,93.10060099232942,17587.239562739855
1760893913,100,,Aggregated,50.000000,0.000000,29,31,33,34,40,47,55,59,74,93,93,8642,0,29,31.226556839423708,21.99571003438905,93.10060099232942,17590.260934968755
1760893914,100,,Aggregated,49.500000,0.000000,29,31,33,34,40,47,55,59,74,93,93,8694,0,29,31.21953392985021,21.99571003438905,93.10060099232942,17588.36864504256
1760893915,100,,Aggregated,49.300000,0.000000,29,31,33,34,40,47,55,59,74,93,93,8751,0,29,31.220650875821935,21.99571003438905,93.10060099232942,17587.579248085935
1760893916,100,,Aggregated,48.500000,0.000000,29,31,33,34,40,47,55,59,74,93,93,8793,0,29,31.21324247699749,21.99571003438905,93.10060099232942,17591.049357443422
1760893917,100,,Aggregated,48.600000,0.000000,29,31,33,34,40,47,55,59,74,93,93,8846,0,29,31.21965555837779,21.99571003438905,93.10060099232942,17592.838345014698
1760893919,100,,Aggregated,49.300000,0.000000,29,31,33,34,40,47,55,59,74,93,93,8894,0,29,31.206968066006702,21.99571003438905,93.10060099232942,17597.201484146615
1760893920,100,,Aggregated,48.800000,0.000000,29,31,33,34,40,47,55,59,74,93,93,8938,0,29,31.20556977363068,21.99571003438905,93.10060099232942,17590.435444170955
1760893921,100,,Aggregated,49.000000,0.000000,29,31,33,34,40,47,55,59,74,93,93,8988,0,29,31.193713979377424,21.99571003438905,93.10060099232942,17597.052625723187
1760893922,100,,Aggregated,49.100000,0.000000,29,31,33,34,40,47,55,59,73,93,93,9032,0,29,31.188717156168025,21.99571003438905,93.10060099232942,17602.234056687335
1760893923,100,,Aggregated,48.300000,0.000000,29,31,33,34,40,47,55,59,73,93,93,9077,0,29,31.190231029002017,21.99571003438905,93.10060099232942,17593.18144761485
1760893924,100,,Aggregated,48.500000,0.000000,29,31,33,34,40,47,55,59,73,93,93,9125,0,29,31.187224621182843,21.99571003438905,93.10060099232942,17595.161205479453
1760893925,100,,Aggregated,48.300000,0.000000,29,31,33,34,40,47,55,59,73,93,93,9187,0,29,31.186726313839397,21.99571003438905,93.10060099232942,17607.004027430063
1760893926,100,,Aggregated,48.300000,0.000000,29,31,33,34,40,47,55,59,73,93,93,9234,0,29,31.178672804016795,21.963591978419572,93.10060099232942,17601.2250379034
1760893927,100,,Aggregated,49.300000,0.000000,29,31,33,34,40,47,55,59,73,93,93,9287,0,29,31.19078871404172,21.963591978419572,93.10060099232942,17603.984925164208
1760893928,100,,Aggregated,49.300000,0.000000,29,31,33,34,40,47,55,58,73,93,93,9341,0,29,31.182212622984242,21.963591978419572,93.10060099232942,17601.131570495665
1760893929,100,,Aggregated,48.100000,0.000000,29,31,33,34,40,47,55,58,73,93,93,9392,0,29,31.178328469685933,21.963591978419572,93.10060099232942,17597.60061754685
1760893930,100,,Aggregated,49.300000,0.000000,29,31,33,34,40,47,55,58,73,93,93,9435,0,29,31.17924862601471,21.963591978419572,93.10060099232942,17599.649390567036
1760893931,100,,Aggregated,49.500000,0.000000,29,31,33,34,40,47,55,59,73,93,93,9488,0,29,31.192707342565505,21.963591978419572,93.10060099232942,17595.738301011803
1760893932,100,,Aggregated,49.700000,0.000000,29,31,33,34,40,47,55,58,73,93,93,9533,0,29,31.187659280517916,21.963591978419572,93.10060099232942,17598.591838875484
1760893933,100,,Aggregated,50.000000,0.000000,29,31,33,34,40,47,55,59,73,93,93,9591,0,29,31.19381888200029,21.963591978419572,93.10060099232942,17603.605776248565
1760893934,100,,Aggregated,50.000000,0.000000,29,31,33,34,40,47,55,58,73,93,93,9633,0,29,31.185819999708382,21.963591978419572,93.10060099232942,17600.45946226513
1760893935,100,,Aggregated,51.000000,0.000000,29,31,33,34,40,47,55,58,73,93,93,9681,0,29,31.198545450676527,21.963591978419572,93.10060099232942,17599.09885342423
1760893936,100,,Aggregated,51.000000,0.000000,29,31,33,34,40,47,55,58,73,93,93,9728,0,29,31.206005771285785,21.963591978419572,93.10060099232942,17606.70425575658
1760893937,100,,Aggregated,50.800000,0.000000,29,31,33,34,40,47,55,58,73,93,93,9769,0,29,31.20120613502701,21.963591978419572,93.10060099232942,17608.924147814516
1760893938,100,,Aggregated,49.300000,0.000000,29,31,33,34,40,47,55,58,73,93,93,9821,0,29,31.1952564085163,21.963591978419572,93.10060099232942,17621.900417472763
1760893939,100,,Aggregated,49.600000,0.000000,29,31,33,34,40,47,55,58,73,93,93,9871,0,29,31.19627278677754,21.963591978419572,93.10060099232942,17617.501367642588
1760893940,100,,Aggregated,48.000000,0.000000,29,31,33,34,40,47,55,58,73,93,93,9914,0,29,31.189155722540146,21.963591978419572,93.10060099232942,17621.861609844666
1760893941,100,,Aggregated,47.900000,0.000000,29,31,33,34,40,47,55,58,73,93,93,9957,0,29,31.19055334239122,21.963591978419572,93.10060099232942,17618.906598373003
1760893942,100,,Aggregated,47.700000,0.000000,29,31,33,34,40,47,55,58,72,92,93,10022,0,29,31.18033958821766,21.963591978419572,93.10060099232942,17614.25174615845
1760893943,100,,Aggregated,46.800000,0.000000,29,31,33,34,40,47,55,58,72,92,93,10067,0,29,31.182726488648598,21.963591978419572,93.10060099232942,17614.03844243568
1760893944,100,,Aggregated,48.600000,0.000000,29,31,33,34,40,47,55,58,72,92,93,10122,0,29,31.19537219487017,21.963591978419572,93.10060099232942,17614.657676348546
1760893945,100,,Aggregated,47.900000,0.000000,29,31,33,34,40,47,55,58,72,92,93,10171,0,29,31.194236406894333,21.963591978419572,93.10060099232942,17622.258185035887
1760893946,100,,Aggregated,48.600000,0.000000,29,31,33,34,40,47,55,58,72,92,93,10217,0,29,31.19405572551103,21.963591978419572,93.10060099232942,17627.51776451013
1760893947,100,,Aggregated,49.000000,0.000000,29,31,33,34,40,47,55,58,72,92,93,10266,0,29,31.197808829095415,21.963591978419572,93.10060099232942,17634.494252873563
1760893948,100,,Aggregated,48.800000,0.000000,29,31,33,34,40,47,55,58,72,92,93,10319,0,29,31.194775122134033,21.963591978419572,93.10060099232942,17631.328907839907
1760893949,100,,Aggregated,49.500000,0.000000,29,31,33,34,40,47,55,58,72,92,93,10368,0,29,31.189582509397702,21.963591978419572,93.10060099232942,17630.671199845678
1760893950,100,,Aggregated,49.700000,0.000000,29,31,33,34,40,47,55,58,72,92,93,10422,0,29,31.18998561749207,21.963591978419572,93.10060099232942,17630.17223181731
1760893951,100,,Aggregated,49.600000,0.000000,29,31,33,34,40,47,55,58,72,92,93,10477,0,29,31.184385430530327,21.963591978419572,93.10060099232942,17624.273551589195
1760893952,100,,Aggregated,50.900000,0.000000,29,31,33,34,40,47,55,58,72,92,93,10513,0,29,31.1826479000874,21.963591978419572,93.10060099232942,17631.22705222106
1760893953,100,,Aggregated,51.500000,0.000000,29,31,33,34,40,47,55,58,72,92,93,10576,0,29,31.201795816648087,21.963591978419572,93.10060099232942,17624.275340393342
1760893954,100,,Aggregated,49.300000,0.000000,29,31,33,34,40,47,55,58,72,92,93,10619,0,29,31.196358826898802,21.963591978419572,93.10060099232942,17620.143327996986
1760893955,100,,Aggregated,50.800000,0.000000,29,31,33,34,40,47,55,58,72,92,93,10672,0,29,31.193986541213803,21.963591978419572,93.10060099232942,17617.084801349327
1760893956,100,,Aggregated,49.900000,0.000000,29,31,33,34,40,47,55,58,72,92,93,10726,0,29,31.186345768774213,21.963591978419572,93.10060099232942,17610.360152899495
1760893957,100,,Aggregated,49.900000,0.000000,29,31,33,34,40,47,55,58,72,92,93,10774,0,29,31.177813671509412,21.963591978419572,93.10060099232942,17606.085854835717
1760893958,100,,Aggregated,49.900000,0.000000,29,31,33,34,40,47,55,58,72,92,93,10823,0,29,31.171713337864503,21.963591978419572,93.10060099232942,17612.03021343435
1760893959,100,,Aggregated,50.900000,0.000000,29,31,33,34,40,47,55,58,72,92,93,10876,0,29,31.164419078466345,21.963591978419572,93.10060099232942,17608.607392423684
1760893960,100,,Aggregated,50.500000,0.000000,29,31,33,34,40,47,54,58,72,92,93,10922,0,29,31.161907943454608,21.963591978419572,93.10060099232942,17606.399926753344
1760893961,100,,Aggregated,50.500000,0.000000,29,31,33,34,40,47,54,58,72,92,93,10969,0,29,31.157207399602374,21.963591978419572,93.10060099232942,17603.354635791777
1760893962,100,,Aggregated,49.900000,0.000000,29,31,33,34,40,47,54,58,72,92,93,11024,0,29,31.168801773243878,21.963591978419572,93.10060099232942,17599.50997822932
1760893963,100,,Aggregated,49.800000,0.000000,29,31,33,34,40,47,54,58,72,92,93,11072,0,29,31.159604694565164,21.963591978419572,93.10060099232942,17601.02357297688
1760893964,100,,Aggregated,50.900000,0.000000,29,31,33,34,40,47,54,58,72,92,93,11118,0,29,31.153434230082365,21.963591978419572,93.10060099232942,17609.13878395395
1760893965,100,,Aggregated,49.500000,0.000000,29,31,33,34,40,47,54,58,72,92,93,11165,0,29,31.15071557843107,21.963591978419572,93.10060099232942,17611.37250335871
1760893966,100,,Aggregated,49.900000,0.000000,29,31,33,34,40,47,54,58,72,92,93,11217,0,29,31.149317754065866,21.963591978419572,93.10060099232942,17607.963894089327
1760893967,100,,Aggregated,49.100000,0.000000,29,31,33,34,40,47,54,58,72,92,93,11264,0,29,31.142587563697983,21.963591978419572,93.10060099232942,17609.642045454544
1760893968,100,,Aggregated,48.900000,0.000000,29,31,33,34,40,47,54,58,72,92,93,11317,0,29,31.13715485247195,21.963591978419572,93.10060099232942,17606.911902447646
1760893969,100,,Aggregated,48.900000,0.000000,29,31,33,34,40,47,54,58,72,92,93,11374,0,29,31.13016974973572,21.963591978419572,93.10060099232942,17612.733427114472
1760893970,100,,Aggregated,49.000000,0.000000,29,31,33,34,40,47,55,58,72,93,94,11418,0,29,31.1462196758839,21.963591978419572,93.97443995112553,17614.84979856367
1760893971,100,,Aggregated,49.700000,0.000000,29,31,33,34,40,47,55,58,72,93,94,11464,0,29,31.15097197838427,21.963591978419572,93.97443995112553,17614.939375436148
1760893972,100,,Aggregated,49.700000,0.000000,29,31,33,34,40,47,54,58,72,93,94,11508,0,29,31.1465038447553,21.963591978419572,93.97443995112553,17609.053441084463
1760893973,100,,Aggregated,49.400000,0.000000,29,31,33,34,40,47,54,58,72,93,94,11563,0,29,31.153311292246563,21.963591978419572,93.97443995112553,17609.391593877022
1760893974,100,,Aggregated,48.800000,0.000000,29,31,33,34,40,47,54,58,72,93,94,11610,0,29,31.151734162976325,21.963591978419572,93.97443995112553,17610.85478036176
1760893975,100,,Aggregated,48.800000,0.000000,29,31,33,34,40,47,54,58,72,93,94,11661,0,29,31.151093068957856,21.963591978419572,93.97443995112553,17609.062601835176
1760893976,100,,Aggregated,48.800000,0.000000,29,31,33,34,40,47,54,58,72,93,94,11705,0,29,31.14561173431428,21.963591978419572,93.97443995112553,17605.645023494235
1760893977,100,,Aggregated,49.700000,0.000000,29,31,33,34,40,47,54,58,72,93,94,11747,0,29,31.141013054834133,21.963591978419572,93.97443995112553,17605.72741976675
1760893978,100,,Aggregated,49.100000,0.000000,29,31,33,34,40,47,54,58,72,93,94,11805,0,29,31.150994931988865,21.963591978419572,93.97443995112553,17601.13816179585
1760893979,100,,Aggregated,48.200000,0.000000,29,31,33,34,40,47,54,58,73,93,94,11855,0,29,31.152499784313445,21.963591978419572,93.97443995112553,17602.169633066216
1760893980,100,,Aggregated,48.600000,0.000000,29,31,33,34,40,47,54,58,73,93,94,11904,0,29,31.155729749165186,21.963591978419572,93.97443995112553,17608.386844758064
1760893981,100,,Aggregated,48.000000,0.000000,29,31,33,34,40,47,54,58,73,93,94,11950,0,29,31.15530106193234,21.963591978419572,93.97443995112553,17608.368284518827
1760893982,100,,Aggregated,48.400000,0.000000,29,31,33,34,40,47,54,58,73,93,94,11999,0,29,31.15212090760177,21.963591978419572,93.97443995112553,17610.887823985333
1760893983,100,,Aggregated,48.600000,0.000000,29,31,33,34,40,47,54,58,72,93,94,12044,0,29,31.13695483057524,21.963591978419572,93.97443995112553,17605.431667220193
1760893984,100,,Aggregated,48.900000,0.000000,29,31,33,34,40,47,54,58,72,93,94,12094,0,29,31.131708223119112,21.963591978419572,93.97443995112553,17604.303538944932
1760893985,100,,Aggregated,48.400000,0.000000,29,31,33,34,40,47,54,58,72,93,94,12148,0,29,31.1221113057426,21.963591978419572,93.97443995112553,17610.641834046757
1760893986,100,,Aggregated,48.500000,0.000000,29,31,33,34,40,47,54,58,72,93,94,12192,0,29,31.123548209101322,21.963591978419572,93.97443995112553,17609.514271653545
1760893987,100,,Aggregated,48.400000,0.000000,29,31,33,34,40,47,54,58,72,93,94,12244,0,29,31.1161374435986,21.963591978419572,93.97443995112553,17609.284792551454
1760893988,100,,Aggregated,48.300000,0.000000,29,31,33,34,40,47,54,58,72,93,94,12288,0,29,31.11744426402178,21.963591978419572,93.97443995112553,17611.344645182293
1760893989,100,,Aggregated,49.600000,0.000000,29,31,33,34,40,47,54,58,72,93,94,12335,0,29,31.116341424245768,21.963591978419572,93.97443995112553,17607.15589785164
1760893990,100,,Aggregated,48.500000,0.000000,29,31,33,34,40,47,54,58,72,93,94,12388,0,29,31.119952116557293,21.963591978419572,93.97443995112553,17609.201646754926
1760893991,100,,Aggregated,48.100000,0.000000,29,31,33,34,40,47,54,58,72,93,94,12433,0,29,31.117128334184752,21.963591978419572,93.97443995112553,17611.142604359367
1760893992,100,,Aggregated,48.500000,0.000000,29,31,33,34,40,47,54,58,72,93,94,12496,0,29,31.117032003355437,21.963591978419572,93.97443995112553,17611.042893725993
1760893993,100,,Aggregated,48.200000,0.000000,29,31,33,34,40,47,54,58,72,93,94,12534,0,29,31.113366873024123,21.963591978419572,93.97443995112553,17610.663235998087
1760893994,100,,Aggregated,49.600000,0.000000,29,31,33,34,40,47,54,58,72,93,94,12593,0,29,31.112557696855248,21.963591978419572,93.97443995112553,17605.566664019694
1760893995,100,,Aggregated,49.100000,0.000000,29,31,33,34,40,46,54,58,72,93,94,12638,0,29,31.10848725625641,21.963591978419572,93.97443995112553,17605.931476499445
1760893996,100,,Aggregated,49.600000,0.000000,29,31,33,34,40,46,54,58,72,93,94,12683,0,29,31.115731154658445,21.963591978419572,93.97443995112553,17605.05629582906
1760893997,100,,Aggregated,49.600000,0.000000,29,31,33,34,40,47,54,58,72,93,94,12733,0,29,31.124723769151956,21.963591978419572,93.97443995112553,17610.41302128328
1760893998,100,,Aggregated,49.200000,0.000000,29,31,33,34,40,47,54,58,72,93,94,12779,0,29,31.130341881269675,21.963591978419572,93.97443995112553,17613.741763831287
1760893999,100,,Aggregated,48.800000,0.000000,29,31,33,34,40,47,54,58,72,93,94,12832,0,29,31.139573439498434,21.963591978419572,93.97443995112553,17617.028444513715
1760894000,100,,Aggregated,49.200000,0.000000,29,31,33,34,40,46,54,58,72,93,94,12879,0,29,31.13122615384787,21.963591978419572,93.97443995112553,17616.43838807361
1760894001,100,,Aggregated,49.600000,0.000000,29,31,33,34,40,46,54,58,72,93,94,12931,0,29,31.126127437284616,21.963591978419572,93.97443995112553,17617.980434614492
1760894002,100,,Aggregated,49.300000,0.000000,29,31,33,34,40,46,54,58,72,93,94,12989,0,29,31.127340090442253,21.963591978419572,93.97443995112553,17615.938101470474
1760894003,100,,Aggregated,49.500000,0.000000,29,31,33,34,40,46,54,58,72,93,94,13029,0,29,31.119422616471354,21.963591978419572,93.97443995112553,17616.915726456366
1760894004,100,,Aggregated,49.200000,0.000000,29,31,33,34,40,46,54,58,72,93,94,13081,0,29,31.12123542549976,21.963591978419572,93.97443995112553,17615.296384068497
1760894005,100,,Aggregated,49.400000,0.000000,29,31,33,34,40,46,54,58,72,93,94,13125,0,29,31.117184120766996,21.963591978419572,93.97443995112553,17613.7616
1760894006,100,,Aggregated,48.500000,0.000000,29,31,33,34,40,47,54,58,72,93,94,13187,0,29,31.139948013206087,21.963591978419572,93.97443995112553,17617.182452415258
1760894007,100,,Aggregated,48.400000,0.000000,29,31,33,34,40,46,54,58,72,93,94,13227,0,29,31.134889573242372,21.963591978419572,93.97443995112553,17618.478793377184
1760894008,100,,Aggregated,50.200000,0.000000,29,31,33,34,40,47,54,58,72,93,94,13285,0,29,31.14298803164488,21.963591978419572,93.97443995112553,17617.000301091455
1760894009,100,,Aggregated,49.800000,0.000000,29,31,33,34,40,46,54,58,72,93,94,13331,0,29,31.137918811072964,21.963591978419572,93.97443995112553,17619.98222188883
1760894010,100,,Aggregated,50.400000,0.000000,29,31,33,34,40,46,54,58,72,93,94,13377,0,29,31.13236518482509,21.963591978419572,93.97443995112553,17622.995738954924
1760894011,100,,Aggregated,49.800000,0.000000,29,31,33,34,40,47,54,58,72,93,94,13426,0,29,31.13398945781079,21.963591978419572,93.97443995112553,17622.30061075525
1760894012,100,,Aggregated,49.300000,0.000000,29,31,33,34,40,47,54,58,73,93,94,13476,0,29,31.141341517928673,21.963591978419572,93.97443995112553,17619.572425051945
1760894013,100,,Aggregated,49.600000,0.000000,29,31,33,34,40,46,54,58,73,93,94,13527,0,29,31.138751741452477,21.963591978419572,93.97443995112553,17620.939158719597
1760894014,100,,Aggregated,49.600000,0.000000,29,31,33,34,40,47,54,58,73,93,94,13571,0,29,31.146616473027844,21.963591978419572,93.97443995112553,17621.51573207575
1760894015,100,,Aggregated,49.700000,0.000000,29,31,33,34,40,47,54,58,73,93,94,13624,0,29,31.14709417062407,21.963591978419572,93.97443995112553,17625.970273047562
1760894016,100,,Aggregated,49.700000,0.000000,29,31,33,34,40,47,54,58,73,93,94,13668,0,29,31.14353947471996,21.963591978419572,93.97443995112553,17624.46049165935
1760894017,100,,Aggregated,49.600000,0.000000,29,31,33,34,40,47,54,58,73,93,94,13716,0,29,31.142050343938315,21.963591978419572,93.97443995112553,17623.151064450278
1760894018,100,,Aggregated,48.300000,0.000000,29,31,33,34,40,47,54,58,73,93,94,13771,0,29,31.147091883254394,21.963591978419572,93.97443995112553,17623.23309854041
1760894019,100,,Aggregated,48.900000,0.000000,29,31,33,34,40,47,54,58,73,93,94,13814,0,29,31.144906061841237,21.963591978419572,93.97443995112553,17624.231214709715
1760894020,100,,Aggregated,48.500000,0.000000,29,31,33,34,40,47,54,58,73,93,94,13868,0,29,31.13936146649622,21.963591978419572,93.97443995112553,17618.258148254976
1760894021,100,,Aggregated,48.600000,0.000000,29,31,33,34,40,47,54,58,73,93,94,13916,0,29,31.135616482702925,21.963591978419572,93.97443995112553,17617.114400689854
1760894022,100,,Aggregated,49.500000,0.000000,29,31,33,34,40,47,54,58,73,93,94,13962,0,29,31.13287143160896,21.963591978419572,93.97443995112553,17614.758630568685
1760894023,100,,Aggregated,49.000000,0.000000,29,31,33,34,40,47,54,58,72,93,94,14021,0,29,31.153522731768717,21.963591978419572,93.97443995112553,17620.977890307397
1760894024,100,,Aggregated,48.400000,0.000000,29,31,33,34,40,47,54,58,72,93,94,14067,0,29,31.1612260589464,21.963591978419572,93.97443995112553,17620.29387929196
1760894025,100,,Aggregated,49.400000,0.000000,29,31,33,34,40,47,54,58,72,93,94,14122,0,29,31.155821700314185,21.963591978419572,93.97443995112553,17620.29606288061
